76400002
76400025
76400098
76400107
76400144
76400188
76400206
76400228
76400328
76400329
76400381
76400415
76400453
76400479
76400518
76400555
76400588
76400610
76400697
76400720
76400749
76400797
76400843
76400901
76400933
76401007
76401064
76401074
76401107
76401124
76401133
76401172
76401222
76401242
76401319
76401377
76401438
76401457
76401568
76401581
76401594
76401639
76401657
76401659
76401781
76401813
76401850
76402015
76402201
76402214
76402318
76402485
76402624
76402671
76402861
76402896
76403236
76403258
76403465
76403487
76403628
76403700
76403796
76403829
76403977
76403990
76404177
76404212
76404257
76404288
76404356
76404503
76404504
76404534
76404571
76404677
76404705
76404728
76404735
76404834
76404881
76404894
76404924
76404973
76404985
76405030
76405063
76405082
76405136
76405216
76405234
76405345
76405401
76405645
76405758
76405843
76405868
76405902
76405959
76405988
76405996
76406043
76406243
76406274
76406307
76406429
76406443
76406518
76406582
76406751
76406943
76406956
76406997
76407148
76407175
76407209
76407454
76407479
76407596
76407656
76407799
76407876
76407996
76408023
76408051
76408059
76408114
76408281
76408283
76408437
76408506
76408568
76408634
76408861
76408963
76409142
76409217
76409323
76409333
76409413
76409415
76409464
76409474
76409646
76409685
76409763
76409868
76410030
76410233
76410279
76410492
76410556
76410857
76410916
76411025
76411105
